12.801
15.180
1.735
12.905
22.156
12.143
22.398
5.679
17.555
2.882
10.659
2.660
9.849
6.680
2.749
1.183
4.564
11.717
3.958
4.350
1.474
4.286
6.635
4.550
6.580
21.384
2.741
4.560
8.845
20.529
6.891
12.223
16.876
8.979
6.893
16.137
16.068
22.694
21.841
7.343
21.202
9.558
18.658
3.521
21.633
22.685
1.975
16.907
4.934
4.863
1.929
9.579
18.306
17.823
2.459
16.379
19.192
3.318
11.572
5.416
16.745
5.164
20.801
17.895
16.508
3.542
17.583
22.852
7.689
9.437
7.991
14.823
3.372
11.432
6.479
22.313
19.835
17.613
7.944
3.647
9.189
7.748
7.101
2.346
1.758
19.409
19.016
2.420
14.498
15.371
19.009
20.288
11.456
3.406
22.827
18.287
5.159
3.531
16.970
9.144
15.433
21.415
9.569
15.979
5.111
8.668
8.026
14.203
9.077
10.907
7.024
19.636
5.554
9.642
4.056
15.565
5.345
12.997
10.142
8.224
1.002
7.152
19.105
17.214
15.795
1.916
11.645
21.589
10.192
1.005
3.036
17.284
3.972
8.194
15.163
4.030
13.556
21.630
15.884
14.401
20.940
5.604
9.773
10.857
4.480
19.152
10.590
12.782
16.666
4.143
17.847
5.108
15.654
19.740
13.988
14.120
7.175
7.683
9.441
13.884
22.311
14.176
21.228
4.157
21.660
6.314
8.918
4.769
6.932
20.749
13.629
5.305
13.689
19.331
3.048
20.842
10.389
2.137
11.908
6.549
10.883
11.880
1.151
7.268
19.546
21.795
15.738
10.358
3.211
7.560
5.291
3.467
9.660
16.523
20.651
7.338
7.286
1.999
20.395
20.061